8486562838
6801360422
6662504548
6595302089
5291745953
6596947979
7522086255
1805884176
7195603395
6998624914
5266384433
6842262456
6844656059
7433225851
7813661228
1789970164
7118077063
7574558427
8215530102
7132513323
6831410306
6109357894
5372554009
6151224808
6556594612
7492322771
7705761666
6363704283
7950350881
7146247775
5261549138
6749433554
5781151674
1738878748
6456305760
6769324798
6376157007
6544653187
7120795338
5578357701
5661176433
6529900529
6494275803
5678125339
5755517737
5624198325
8032819089
7822963860
5503316922
7901185697
5944355589
7784251638
